""	"ConD0R12"	"ConD0R21"	"ConD56R21"	"ConD7R21"	"CX1D56R21"	"CX1D7R21"	"CX4D56R21"	"CX4D7R21"	"YX1D56R21"	"YX1D7R21"	"YX4D56R21"	"YX4D7R21"	"ConD56R12"	"ConD7R11"	"CX1D56R11"	"CX1D7R11"	"CX4D56R11"	"CX4D7R11"	"YX1D56R11"	"YX1D7R11"	"YX4D56R11"	"YX4D7R11"
"ConD0R12"	0	0.229845626072041	0.231581169516572	0.231996550237171	0.238565600171784	0.241691842900302	0.242177453921989	0.246799910172917	0.232418524871355	0.236410698878343	0.231743351625158	0.235836627140975	0.235646198182221	0.241550247859396	0.261648745519713	0.241456332365423	0.23352756611385	0.257116620752984	0.249146757679181	0.242518981688254	0.262417994376757	0.248534055029319
"ConD0R21"	0.229845626072041	0	0.225763904154759	0.223370786516854	0.224882524054598	0.229419703103914	0.225993747208575	0.239390386869871	0.222520107238606	0.223471223021583	0.221098901098901	0.218964727439304	0.22970159611381	0.231529411764706	0.241431073304979	0.237584518535789	0.222274216190922	0.241842610364683	0.230805799857381	0.234965034965035	0.247058823529412	0.242110221384833
"ConD56R21"	0.231581169516572	0.225763904154759	0	0.221755472031837	0.226772346983708	0.234343881389688	0.236651285431773	0.236514522821577	0.23060013189712	0.214775492147755	0.224313216526065	0.216490200495607	0.223384895359418	0.231089521165857	0.245700245700246	0.224209078404402	0.221992178513918	0.231784956378213	0.226635514018692	0.232179692871877	0.239104261979292	0.231303542486687
"ConD7R21"	0.231996550237171	0.223370786516854	0.221755472031837	0	0.230249831195138	0.220361990950226	0.230907457322552	0.216796414248644	0.222921348314607	0.228403437358661	0.2210433244916	0.218433179723502	0.21992087502909	0.217329545454545	0.239989926970536	0.21651419188365	0.220809792843691	0.234186383389667	0.226500837120306	0.227485928705441	0.232363098174642	0.219431279620853
"CX1D56R21"	0.238565600171784	0.224882524054598	0.226772346983708	0.230249831195138	0	0.225050687091687	0.227018564079624	0.235791451385627	0.223092414410383	0.224048637694213	0.229583975346687	0.222298692360633	0.225671918443003	0.236860711760547	0.236591478696742	0.237272302662307	0.226154206702601	0.239605863975006	0.232857142857143	0.235115573196358	0.232997790326541	0.230478886529842
"CX1D7R21"	0.241691842900302	0.229419703103914	0.234343881389688	0.220361990950226	0.225050687091687	0	0.22931654676259	0.23211334120425	0.237516869095816	0.234042553191489	0.231858407079646	0.237546125461255	0.2233869089215	0.232701421800948	0.239223594655911	0.230805353369336	0.23751178133836	0.241179313678105	0.237730428537228	0.225352112676056	0.242962962962963	0.224857685009488
"CX4D56R21"	0.242177453921989	0.225993747208575	0.236651285431773	0.230907457322552	0.227018564079624	0.22931654676259	0	0.226622920084368	0.21482804823582	0.230561797752809	0.236818980667838	0.221611721611722	0.231907514450867	0.240827845719661	0.240810202550638	0.238405965975297	0.221702525724977	0.234052757793765	0.229745782846282	0.235787511649581	0.238608525232729	0.240112994350282
"CX4D7R21"	0.246799910172917	0.239390386869871	0.236514522821577	0.216796414248644	0.235791451385627	0.23211334120425	0.226622920084368	0	0.238452520515826	0.223507198489497	0.238073288776216	0.225992779783393	0.224708171206226	0.220103986135182	0.222398309561543	0.224619911721432	0.225695299040118	0.228203184230478	0.236736736736737	0.230203481245403	0.235978288963556	0.217843866171004
"YX1D56R21"	0.232418524871355	0.222520107238606	0.23060013189712	0.222921348314607	0.223092414410383	0.237516869095816	0.21482804823582	0.238452520515826	0	0.227517985611511	0.23032967032967	0.220338983050847	0.228776312745778	0.242823529411765	0.230923192394296	0.229657262765213	0.215255030416472	0.237523992322457	0.220347040646541	0.231235431235431	0.22843137254902	0.239284032030146
"YX1D7R21"	0.236410698878343	0.223471223021583	0.214775492147755	0.228403437358661	0.224048637694213	0.234042553191489	0.230561797752809	0.223507198489497	0.227517985611511	0	0.232198142414861	0.221300138312586	0.215832363213038	0.222169587873046	0.231040564373898	0.210983337244778	0.221855864342911	0.228985507246377	0.221823402727925	0.22853120600657	0.230503455083909	0.229966808914177
"YX4D56R21"	0.231743351625158	0.221098901098901	0.224313216526065	0.2210433244916	0.229583975346687	0.231858407079646	0.236818980667838	0.238073288776216	0.23032967032967	0.232198142414861	0	0.23018018018018	0.233568342051399	0.237742830712303	0.249815770081061	0.236763694705478	0.22493100275989	0.251296558227251	0.237094136883906	0.243354720439963	0.243139142994704	0.234722222222222
"YX4D7R21"	0.235836627140975	0.218964727439304	0.216490200495607	0.218433179723502	0.222298692360633	0.237546125461255	0.221611721611722	0.225992779783393	0.220338983050847	0.221300138312586	0.23018018018018	0	0.221457393781154	0.217391304347826	0.225623874453306	0.217994735582675	0.207012487992315	0.222769837358305	0.213082743470832	0.222966507177033	0.226700251889169	0.22678916827853
"ConD56R12"	0.235646198182221	0.22970159611381	0.223384895359418	0.21992087502909	0.225671918443003	0.2233869089215	0.231907514450867	0.224708171206226	0.228776312745778	0.215832363213038	0.233568342051399	0.221457393781154	0	0.221381498657554	0.212799167533819	0.216634429400387	0.212812424168891	0.218430884184309	0.220029600394672	0.219240995890742	0.213139801375096	0.213779623747862
"ConD7R11"	0.241550247859396	0.231529411764706	0.231089521165857	0.217329545454545	0.236860711760547	0.232701421800948	0.240827845719661	0.220103986135182	0.242823529411765	0.222169587873046	0.237742830712303	0.217391304347826	0.221381498657554	0	0.218244497480774	0.220772827959636	0.222332015810277	0.220700152207002	0.225822657623713	0.221456692913386	0.223144784639336	0.219900497512438
"CX1D56R11"	0.261648745519713	0.241431073304979	0.245700245700246	0.239989926970536	0.236591478696742	0.239223594655911	0.240810202550638	0.222398309561543	0.230923192394296	0.231040564373898	0.249815770081061	0.225623874453306	0.212799167533819	0.218244497480774	0	0.224671916010499	0.217918313570487	0.216047709406343	0.213519313304721	0.230648123852007	0.20799777839489	0.222192726307406
"CX1D7R11"	0.241456332365423	0.237584518535789	0.224209078404402	0.21651419188365	0.237272302662307	0.230805353369336	0.238405965975297	0.224619911721432	0.229657262765213	0.210983337244778	0.236763694705478	0.217994735582675	0.216634429400387	0.220772827959636	0.224671916010499	0	0.215561536579398	0.221803566942979	0.216915422885572	0.223007555447234	0.226303621885435	0.225917713722592
"CX4D56R11"	0.23352756611385	0.222274216190922	0.221992178513918	0.220809792843691	0.226154206702601	0.23751178133836	0.221702525724977	0.225695299040118	0.215255030416472	0.221855864342911	0.22493100275989	0.207012487992315	0.212812424168891	0.222332015810277	0.217918313570487	0.215561536579398	0	0.21684316691881	0.211485642946317	0.221135029354207	0.205260443527592	0.220079129574679
"CX4D7R11"	0.257116620752984	0.241842610364683	0.231784956378213	0.234186383389667	0.239605863975006	0.241179313678105	0.234052757793765	0.228203184230478	0.237523992322457	0.228985507246377	0.251296558227251	0.222769837358305	0.218430884184309	0.220700152207002	0.216047709406343	0.221803566942979	0.21684316691881	0	0.225955373172608	0.225012556504269	0.215800636267232	0.22143219908583
"YX1D56R11"	0.249146757679181	0.230805799857381	0.226635514018692	0.226500837120306	0.232857142857143	0.237730428537228	0.229745782846282	0.236736736736737	0.220347040646541	0.221823402727925	0.237094136883906	0.213082743470832	0.220029600394672	0.225822657623713	0.213519313304721	0.216915422885572	0.211485642946317	0.225955373172608	0	0.21909972643621	0.211755444765154	0.228061352778476
"YX1D7R11"	0.242518981688254	0.234965034965035	0.232179692871877	0.227485928705441	0.235115573196358	0.225352112676056	0.235787511649581	0.230203481245403	0.231235431235431	0.22853120600657	0.243354720439963	0.222966507177033	0.219240995890742	0.221456692913386	0.230648123852007	0.223007555447234	0.221135029354207	0.225012556504269	0.21909972643621	0	0.227015921931176	0.22807881773399
"YX4D56R11"	0.262417994376757	0.247058823529412	0.239104261979292	0.232363098174642	0.232997790326541	0.242962962962963	0.238608525232729	0.235978288963556	0.22843137254902	0.230503455083909	0.243139142994704	0.226700251889169	0.213139801375096	0.223144784639336	0.20799777839489	0.226303621885435	0.205260443527592	0.215800636267232	0.211755444765154	0.227015921931176	0	0.221818181818182
"YX4D7R11"	0.248534055029319	0.242110221384833	0.231303542486687	0.219431279620853	0.230478886529842	0.224857685009488	0.240112994350282	0.217843866171004	0.239284032030146	0.229966808914177	0.234722222222222	0.22678916827853	0.213779623747862	0.219900497512438	0.222192726307406	0.225917713722592	0.220079129574679	0.22143219908583	0.228061352778476	0.22807881773399	0.221818181818182	0
